global rrcfilter;
rrcfilter= [-0.0020520018879324198, -0.0003224409883841872, 0.002508002333343029, -0.00506692985072732, 0.005374290514737368,...
                       0.0015200789785012603, -0.007524007000029087, 0.021281106397509575, -0.03762003779411316, -0.05320276319980621, 0.2901403307914734,...
                       0.5699287056922913, 0.2901403307914734, -0.05320276319980621, -0.03762003779411316, 0.021281106397509575,...
                       -0.007524007000029087, 0.0015200789785012603, 0.005374290514737368, -0.00506692985072732, 0.002508002333343029,...
                       -0.0003224409883841872, -0.002052001887932419];