global rrcfilter;
rrcfilter= [-6.17655822e-04 -4.97279548e-34 -8.40973030e-04 -2.59831549e-03
 -2.86760204e-03  2.59878122e-18  4.24514867e-03  5.71629407e-03
  2.77153253e-03  8.95103186e-34  4.77279499e-03  1.71488822e-02
  2.27496429e-02 -1.29939061e-17 -5.76127319e-02 -1.20042175e-01
 -1.22501738e-01             inf  2.62503724e-01  6.00210877e-01
  8.87236072e-01  1.00000000e+00  8.87236072e-01  6.00210877e-01
  2.62503724e-01             inf -1.22501738e-01 -1.20042175e-01
 -5.76127319e-02 -1.29939061e-17  2.27496429e-02  1.71488822e-02
  4.77279499e-03  8.95103186e-34  2.77153253e-03  5.71629407e-03
  4.24514867e-03  2.59878122e-18 -2.86760204e-03 -2.59831549e-03
 -8.40973030e-04 -4.97279548e-34];